#Format(en hexa):ALUControl SrcA SrcB resultat_theorique
2 00000000 00000000 00000000
2 00000000 FFFFFFFF FFFFFFFF
2 00000001 FFFFFFFF 00000000
2 000000FF 00000001 00000100
6 00000000 00000000 00000000
6 00000000 FFFFFFFF 00000001
6 00000001 00000001 00000000
6 00000100 00000001 000000FF
7 00000000 00000000 00000000
7 00000000 00000001 00000001
7 00000000 FFFFFFFF 00000000
7 00000001 00000000 00000000
7 FFFFFFFF 00000000 00000001
0 FFFFFFFF FFFFFFFF FFFFFFFF
0 FFFFFFFF 12345678 12345678
0 12345678 87654321 02244220
0 00000000 FFFFFFFF 00000000
1 FFFFFFFF FFFFFFFF FFFFFFFF
1 12345678 87654321 97755779
1 00000000 FFFFFFFF FFFFFFFF
1 00000000 00000000 00000000